0000A0AC 20
00000101 20
01E00000 20
0002640B 20
0000A0AC 21
00020202 21
01200000 21
002590FC 21
0000A0AD 20
00010000 20
00800000 20
00000016 20
0000A14C 20
00201000 20
10200000 20
00015D70 20
0000A14C 21
00402020 21
20C00000 21
003EEBEA 21
0000A14D 20
00000010 20
00000000 20
00000036 20
0000A16A 20
00010201 20
01600000 20
00D8ECEF 20
0000A16A 21
00020402 21
02100000 21
00A83A24 21
0000A23C 20
00040404 20
04500000 20
00AAB717 20
0000A23C 21
00080808 21
08400000 21
0086148E 21
0000A304 20
00020202 20
02200000 20
0060E140 20
0000A304 21
00040402 21
02100000 21
00383EB5 21
0000A354 20
00408040 20
40F00000 20
00A429A0 20
0000A354 21
00808080 21
80900000 21
008FC81B 21
0000A4C6 20
00204020 20
20E00000 20
00D59DF2 20
0000A4C6 21
00408040 21
40E00000 21
00B93C6C 21
00000001 01
